26 0.80943
27 0.805224
28 0.801456
29 0.798059
30 0.794979
31 0.792176
32 0.789615
33 0.787266
34 0.785105
35 0.783109
36 0.781262
37 0.779549
38 0.777954
39 0.776468
40 0.775079
41 0.773778
42 0.77256
43 0.771415
44 0.770336
45 0.76932
46 0.76836
47 0.767452
48 0.766592
49 0.765778
50 0.765005
51 0.764269
52 0.763569
53 0.762904
54 0.762269
55 0.761662
56 0.761084
57 0.76053
58 0.759999
59 0.759491
60 0.759004
61 0.758537
62 0.758088
63 0.757656
64 0.757242
65 0.756842
66 0.756458
67 0.756087
68 0.75573
69 0.755386
70 0.755053
71 0.754731
72 0.754421
73 0.754121
74 0.753829
75 0.753549
76 0.753276
77 0.753012
78 0.752755
79 0.752506
80 0.752266
81 0.75203
82 0.751803
83 0.751581
84 0.751367
85 0.751158
86 0.750955
87 0.750757
88 0.750564
89 0.750377
90 0.750195
91 0.750017
92 0.749843
93 0.749675
94 0.74951
95 0.74935
96 0.749192
97 0.749039
98 0.748889
99 0.748743
100 0.748601
101 0.748461
102 0.748325
103 0.748192
104 0.748061
105 0.747933
106 0.747809
107 0.747686
108 0.747566
109 0.747449
110 0.747334
111 0.747222
112 0.747112
113 0.747004
114 0.746898
115 0.746795
116 0.746692
117 0.746593
118 0.746495
119 0.746399
120 0.746304
121 0.746212
122 0.746121
123 0.746031
124 0.745943
125 0.745857
126 0.745773
127 0.745689
128 0.745609
129 0.745529
130 0.745449
131 0.745372
132 0.745295
133 0.74522
134 0.745147
135 0.745074
136 0.745002
137 0.744932
138 0.744863
139 0.744794
140 0.744727
141 0.74466
142 0.744595
143 0.744531
144 0.744467
145 0.744405
146 0.744344
147 0.744284
148 0.744223
149 0.744165
150 0.744107
151 0.74405
152 0.743994
153 0.743939
154 0.743884
155 0.743829
156 0.743776
157 0.743723
158 0.743671
159 0.743619
160 0.743568
161 0.743519
162 0.74347
163 0.743421
164 0.743372
165 0.743324
166 0.743277
167 0.743231
168 0.743185
169 0.743139
170 0.743095
171 0.74305
172 0.743006
173 0.742964
174 0.742919
175 0.742877
176 0.742834
177 0.742793
178 0.742751
179 0.74271
180 0.742669
181 0.742628
182 0.742589
183 0.742549
184 0.742509
185 0.74247
186 0.742432
187 0.742394
188 0.742355
189 0.742318
190 0.74228
191 0.742243
192 0.742206
193 0.742169
194 0.742132
195 0.742096
196 0.74206
197 0.742024
198 0.741988
199 0.741952
200 0.741915
201 0.74188
202 0.741845
203 0.74181
204 0.741774
205 0.741738
206 0.741703
207 0.741667
208 0.741632
209 0.741596
210 0.74156
211 0.741523
212 0.741487
213 0.741451
214 0.741414
215 0.741377
216 0.741339
217 0.7413
218 0.741261
219 0.741221
220 0.741181
221 0.74114
222 0.741098
223 0.741054
224 0.741008
225 0.740961
226 0.740913
227 0.740862
228 0.740809
229 0.740752
230 0.740693
231 0.74063
232 0.740561
233 0.740488
234 0.740409
235 0.740321
236 0.740224
237 0.740115
238 0.739992
239 0.739854
240 0.739692
241 0.739503
242 0.739277
243 0.739005
244 0.73867
245 0.738251
246 0.737716
247 0.737016
248 0.736079
249 0.734779
250 0.732894
251 0.730045
252 0.725881
253 0.721037
254 0.717137
255 0.714638
256 0.71308
257 0.712056
258 0.711337
259 0.710805
260 0.71039
261 0.710055
262 0.709775
263 0.709537
264 0.70933
265 0.709146
266 0.708982
267 0.708832
268 0.708696
269 0.708572
270 0.708456
271 0.708349
272 0.708248
273 0.708155
274 0.708067
275 0.707982
276 0.707904
277 0.707828
278 0.707757
279 0.707689
280 0.707626
281 0.707564
282 0.707505
283 0.707449
284 0.707395
285 0.707343
286 0.707294
287 0.707246
288 0.7072
289 0.707156
290 0.707113
291 0.707072
292 0.707032
293 0.706994
294 0.706957
295 0.70692
296 0.706886
297 0.706852
298 0.706819
299 0.706787
300 0.706756
301 0.706726
302 0.706696
303 0.706668
304 0.70664
305 0.706612
306 0.706586
307 0.70656
308 0.706535
309 0.70651
310 0.706487
311 0.706463
312 0.706439
313 0.706418
314 0.706395
315 0.706374
316 0.706352
317 0.706332
318 0.706312
319 0.706291
320 0.706272
321 0.706253
322 0.706233
323 0.706215
324 0.706197
325 0.706179
326 0.706161
327 0.706143
328 0.706127
329 0.70611
330 0.706092
331 0.706077
332 0.706062
333 0.706046
334 0.70603
335 0.706015
336 0.706
337 0.705985
338 0.70597
339 0.705957
340 0.705943
341 0.705929
342 0.705914
343 0.7059
344 0.705888
345 0.705874
346 0.705861
347 0.705848
348 0.705836
349 0.705823
350 0.70581
351 0.705798
352 0.705786
353 0.705774
354 0.705763
355 0.705751
356 0.70574
357 0.705728
358 0.705717
359 0.705706
360 0.705695
361 0.705684
362 0.705673
363 0.705662
364 0.705652
365 0.705641
366 0.705631
367 0.705621
368 0.70561
369 0.7056
370 0.705591
371 0.705581
372 0.705572
373 0.705561
374 0.705552
375 0.705543
376 0.705534
377 0.705524
378 0.705515
379 0.705506
380 0.705497
381 0.705489
382 0.705479
383 0.705471
384 0.705462
385 0.705454
386 0.705445
387 0.705437
388 0.705429
389 0.70542
390 0.705412
391 0.705404
392 0.705396
393 0.705388
394 0.70538
395 0.705372
396 0.705365
397 0.705356
398 0.705349
399 0.705341
400 0.705334
401 0.705326
402 0.705319
403 0.705311
404 0.705305
405 0.705297
406 0.705289
407 0.705282
408 0.705275
409 0.705269
410 0.705261
411 0.705255
412 0.705246
413 0.705241
414 0.705234
415 0.705227
416 0.70522
417 0.705214
418 0.705207
419 0.705201
420 0.705194
421 0.705188
422 0.705182
423 0.705175
424 0.705169
425 0.705162
426 0.705156
427 0.70515
428 0.705143
429 0.705137
430 0.705132
431 0.705125
432 0.705119
433 0.705113
434 0.705107
435 0.705101
436 0.705096
437 0.70509
438 0.705084
439 0.705078
440 0.705072
441 0.705067
442 0.705061
443 0.705055
444 0.70505
445 0.705045
446 0.705038
447 0.705034
448 0.705029
449 0.705023
450 0.705017
451 0.705012
452 0.705006
453 0.705002
454 0.704997
455 0.704991
456 0.704986
457 0.704981
458 0.704976
459 0.70497
460 0.704965
461 0.70496
462 0.704955
463 0.70495
464 0.704945
465 0.70494
466 0.704936
467 0.70493
468 0.704925
469 0.70492
470 0.704916
471 0.704912
472 0.704907
473 0.704903
474 0.704898
475 0.704892
476 0.704889
477 0.704884
478 0.704879
479 0.704874
480 0.70487
481 0.704866
482 0.704861
483 0.704857
484 0.704852
485 0.704848
486 0.704843
487 0.70484
488 0.704835
489 0.704831
490 0.704826
491 0.704822
492 0.704818
493 0.704814
494 0.704809
495 0.704805
496 0.704801
497 0.704797
498 0.704792
499 0.704788
500 0.704785
