26 0.724563
27 0.722808
28 0.721224
29 0.719786
30 0.718473
31 0.717268
32 0.716162
33 0.71514
34 0.714191
35 0.713311
36 0.712491
37 0.711725
38 0.711008
39 0.710335
40 0.709703
41 0.709108
42 0.708546
43 0.708016
44 0.707512
45 0.707036
46 0.706583
47 0.706153
48 0.705744
49 0.705353
50 0.704981
51 0.704626
52 0.704287
53 0.703963
54 0.70365
55 0.703351
56 0.703065
57 0.702789
58 0.702524
59 0.70227
60 0.702025
61 0.701788
62 0.701562
63 0.701342
64 0.70113
65 0.700924
66 0.700727
67 0.700536
68 0.700351
69 0.700172
70 0.699999
71 0.699831
72 0.699669
73 0.699511
74 0.699357
75 0.699207
76 0.699063
77 0.698924
78 0.698787
79 0.698654
80 0.698526
81 0.6984
82 0.698278
83 0.698159
84 0.698043
85 0.697929
86 0.697819
87 0.697712
88 0.697607
89 0.697504
90 0.697406
91 0.697308
92 0.697213
93 0.697121
94 0.69703
95 0.696941
96 0.696855
97 0.69677
98 0.696688
99 0.696607
100 0.696528
101 0.696451
102 0.696375
103 0.6963
104 0.696227
105 0.696157
106 0.696088
107 0.696019
108 0.695952
109 0.695887
110 0.695822
111 0.69576
112 0.695696
113 0.695635
114 0.695576
115 0.695517
116 0.69546
117 0.695403
118 0.695349
119 0.695295
120 0.695241
121 0.69519
122 0.695138
123 0.695088
124 0.695038
125 0.69499
126 0.694942
127 0.694895
128 0.694849
129 0.694803
130 0.694759
131 0.694714
132 0.69467
133 0.694628
134 0.694585
135 0.694544
136 0.694504
137 0.694463
138 0.694425
139 0.694386
140 0.694348
141 0.69431
142 0.694273
143 0.694237
144 0.6942
145 0.694165
146 0.69413
147 0.694096
148 0.694062
149 0.694029
150 0.693996
151 0.693964
152 0.693932
153 0.6939
154 0.693868
155 0.693837
156 0.693807
157 0.693777
158 0.693747
159 0.693719
160 0.69369
161 0.693661
162 0.693633
163 0.693606
164 0.693578
165 0.693551
166 0.693525
167 0.693499
168 0.693473
169 0.693447
170 0.693421
171 0.693396
172 0.693372
173 0.693348
174 0.693323
175 0.6933
176 0.693277
177 0.693254
178 0.69323
179 0.693208
180 0.693185
181 0.693163
182 0.693142
183 0.69312
184 0.693098
185 0.693077
186 0.693058
187 0.693036
188 0.693016
189 0.692996
190 0.692976
191 0.692957
192 0.692936
193 0.692918
194 0.692899
195 0.692881
196 0.692862
197 0.692843
198 0.692825
199 0.692806
200 0.692789
201 0.692771
202 0.692754
203 0.692737
204 0.69272
205 0.692703
206 0.692686
207 0.69267
208 0.692653
209 0.692637
210 0.69262
211 0.692605
212 0.692591
213 0.692575
214 0.692558
215 0.692543
216 0.692528
217 0.692513
218 0.692498
219 0.692483
220 0.692469
221 0.692454
222 0.692439
223 0.692425
224 0.692412
225 0.692398
226 0.692384
227 0.692371
228 0.692357
229 0.692344
230 0.692331
231 0.692318
232 0.692305
233 0.692292
234 0.692279
235 0.692267
236 0.692254
237 0.692241
238 0.692229
239 0.692216
240 0.692205
241 0.692193
242 0.692181
243 0.692169
244 0.692157
245 0.692146
246 0.692135
247 0.692123
248 0.692112
249 0.692101
250 0.69209
251 0.692079
252 0.692068
253 0.692057
254 0.692047
255 0.692037
256 0.692026
257 0.692015
258 0.692005
259 0.691995
260 0.691985
261 0.691975
262 0.691964
263 0.691955
264 0.691944
265 0.691934
266 0.691925
267 0.691915
268 0.691906
269 0.691897
270 0.691888
271 0.691878
272 0.69187
273 0.69186
274 0.691851
275 0.691842
276 0.691834
277 0.691825
278 0.691815
279 0.691806
280 0.691798
281 0.691789
282 0.691782
283 0.691773
284 0.691764
285 0.691756
286 0.691748
287 0.691739
288 0.691732
289 0.691723
290 0.691715
291 0.691708
292 0.6917
293 0.691692
294 0.691684
295 0.691677
296 0.69167
297 0.691661
298 0.691654
299 0.691646
300 0.691639
301 0.691631
302 0.691624
303 0.691617
304 0.691609
305 0.691602
306 0.691594
307 0.691587
308 0.69158
309 0.691573
310 0.691567
311 0.69156
312 0.691553
313 0.691546
314 0.691538
315 0.691532
316 0.691526
317 0.691519
318 0.691513
319 0.691506
320 0.6915
321 0.691493
322 0.691486
323 0.691481
324 0.691474
325 0.691468
326 0.691461
327 0.691455
328 0.691449
329 0.691442
330 0.691436
331 0.69143
332 0.691425
333 0.691419
334 0.691413
335 0.691407
336 0.691401
337 0.691395
338 0.691389
339 0.691384
340 0.691378
341 0.691372
342 0.691367
343 0.691361
344 0.691355
345 0.69135
346 0.691344
347 0.691339
348 0.691332
349 0.691327
350 0.691321
351 0.691316
352 0.691311
353 0.691305
354 0.6913
355 0.691295
356 0.69129
357 0.691285
358 0.69128
359 0.691274
360 0.69127
361 0.691264
362 0.69126
363 0.691255
364 0.69125
365 0.691245
366 0.69124
367 0.691236
368 0.69123
369 0.691226
370 0.69122
371 0.691216
372 0.691211
373 0.691207
374 0.691202
375 0.691197
376 0.691192
377 0.691188
378 0.691184
379 0.691178
380 0.691174
381 0.69117
382 0.691165
383 0.691161
384 0.691157
385 0.691153
386 0.691148
387 0.691143
388 0.69114
389 0.691136
390 0.691131
391 0.691128
392 0.691123
393 0.691119
394 0.691115
395 0.691111
396 0.691107
397 0.691103
398 0.691099
399 0.691095
400 0.691091
401 0.691087
402 0.691082
403 0.691079
404 0.691074
405 0.691071
406 0.691067
407 0.691063
408 0.691058
409 0.691054
410 0.691051
411 0.691047
412 0.691044
413 0.691039
414 0.691036
415 0.691032
416 0.691029
417 0.691026
418 0.691021
419 0.691018
420 0.691014
421 0.691011
422 0.691007
423 0.691004
424 0.691
425 0.690997
426 0.690993
427 0.69099
428 0.690986
429 0.690982
430 0.690979
431 0.690975
432 0.690971
433 0.690968
434 0.690965
435 0.690962
436 0.690958
437 0.690955
438 0.690952
439 0.690949
440 0.690944
441 0.690941
442 0.690938
443 0.690934
444 0.690931
445 0.690929
446 0.690925
447 0.690922
448 0.690919
449 0.690916
450 0.690913
451 0.690909
452 0.690906
453 0.690903
454 0.6909
455 0.690897
456 0.690894
457 0.69089
458 0.690888
459 0.690885
460 0.690882
461 0.690879
462 0.690875
463 0.690872
464 0.690869
465 0.690866
466 0.690863
467 0.690861
468 0.690858
469 0.690855
470 0.690852
471 0.69085
472 0.690847
473 0.690844
474 0.690841
475 0.690839
476 0.690835
477 0.690833
478 0.69083
479 0.690827
480 0.690825
481 0.690822
482 0.690819
483 0.690816
484 0.690813
485 0.69081
486 0.690808
487 0.690805
488 0.690802
489 0.690799
490 0.690797
491 0.690795
492 0.690792
493 0.69079
494 0.690787
495 0.690785
496 0.690782
497 0.69078
498 0.690777
499 0.690774
500 0.690771
