1 6.03029
2 6.02461
3 6.01843
4 6.01088
5 6.001
6 5.9877
7 5.96973
8 5.94579
9 5.9145
10 5.87455
11 5.82474
12 5.7645
13 5.69445
14 5.61646
15 5.53242
16 5.44263
17 5.34503
18 5.23502
19 5.10292
20 4.92825
21 4.68552
22 4.35421
23 3.91027
24 3.34918
25 2.71716
26 2.11589
27 1.62425
28 1.25582
29 0.988522
30 0.794736
31 0.652287
32 0.545548
33 0.463932
34 0.400305
35 0.349802
36 0.309055
37 0.275687
38 0.247995
39 0.224742
40 0.205007
41 0.188094
42 0.173474
43 0.160736
44 0.149554
45 0.139678
46 0.130908
47 0.123073
48 0.116035
49 0.109686
50 0.103934
51 0.0987042
52 0.0939297
53 0.0895604
54 0.085547
55 0.0818499
56 0.0784344
57 0.075269
58 0.0723288
59 0.0695907
60 0.0670377
61 0.064651
62 0.0624163
63 0.060317
64 0.0583454
65 0.0564884
66 0.0547391
67 0.0530845
68 0.0515197
69 0.0500384
70 0.0486335
71 0.0473003
72 0.0460336
73 0.0448289
74 0.043682
75 0.0425888
76 0.0415436
77 0.0405449
78 0.0395905
79 0.0386795
80 0.0378058
81 0.0369688
82 0.0361647
83 0.0353931
84 0.0346537
85 0.0339421
86 0.0332545
87 0.0325931
88 0.031955
89 0.0313431
90 0.0307501
91 0.0301793
92 0.0296285
93 0.0290949
94 0.0285822
95 0.028085
96 0.0276026
97 0.0271349
98 0.0266839
99 0.0262475
100 0.0258226
101 0.0254112
102 0.0250106
103 0.0246212
104 0.0242436
105 0.0238783
106 0.0235225
107 0.0231759
108 0.0228401
109 0.0225136
110 0.0221954
111 0.021883
112 0.0215803
113 0.0212848
114 0.0209975
115 0.0207174
116 0.0204448
117 0.0201792
118 0.0199201
119 0.0196673
120 0.0194192
121 0.0191775
122 0.0189415
123 0.0187105
124 0.0184845
125 0.0182657
126 0.0180512
127 0.0178419
128 0.0176369
129 0.0174357
130 0.0172397
131 0.0170478
132 0.0168596
133 0.016676
134 0.0164957
135 0.0163186
136 0.0161442
137 0.0159736
138 0.0158078
139 0.0156449
140 0.0154851
141 0.0153281
142 0.0151741
143 0.0150233
144 0.0148747
145 0.0147297
146 0.014587
147 0.0144472
148 0.0143102
149 0.0141755
150 0.0140426
151 0.0139117
152 0.0137831
153 0.013657
154 0.0135317
155 0.0134099
156 0.0132912
157 0.0131745
158 0.0130593
159 0.0129456
160 0.012834
161 0.0127241
162 0.0126162
163 0.01251
164 0.0124055
165 0.0123024
166 0.0122006
167 0.0121003
168 0.0120017
169 0.0119051
170 0.0118104
171 0.0117173
172 0.0116243
173 0.0115333
174 0.0114434
175 0.0113555
176 0.0112689
177 0.0111836
178 0.0110995
179 0.0110161
180 0.0109342
181 0.0108535
182 0.0107739
183 0.0106952
184 0.0106168
185 0.0105399
186 0.0104637
187 0.0103891
188 0.0103155
189 0.0102426
190 0.0101702
191 0.0100996
192 0.0100299
