1 1.00226
2 1.00024
3 0.998989
4 0.997594
5 0.996015
6 0.994228
7 0.992207
8 0.989927
9 0.987363
10 0.984489
11 0.98128
12 0.977713
13 0.973763
14 0.969406
15 0.964617
16 0.959371
17 0.953639
18 0.947394
19 0.940605
20 0.933244
21 0.925283
22 0.916699
23 0.907474
24 0.897596
25 0.887066
26 0.875892
27 0.864091
28 0.851688
29 0.838712
30 0.825191
31 0.81115
32 0.7966
33 0.781542
34 0.765956
35 0.7498
36 0.733014
37 0.715515
38 0.697204
39 0.677971
40 0.657708
41 0.636316
42 0.613722
43 0.589898
44 0.564868
45 0.53873
46 0.511655
47 0.483887
48 0.455735
49 0.42755
50 0.399699
51 0.372534
52 0.346371
53 0.321465
54 0.298002
55 0.276097
56 0.255804
57 0.237119
58 0.219996
59 0.20436
60 0.190117
61 0.177163
62 0.165389
63 0.15469
64 0.144962
65 0.13611
66 0.128046
67 0.120689
68 0.113966
69 0.107813
70 0.102171
71 0.0969881
72 0.0922174
73 0.0878182
74 0.0837536
75 0.0799916
76 0.0765033
77 0.0732629
78 0.070247
79 0.0674358
80 0.0648113
81 0.0623567
82 0.0600578
83 0.0579013
84 0.0558753
85 0.053969
86 0.0521735
87 0.0504797
88 0.0488803
89 0.0473677
90 0.0459357
91 0.0445787
92 0.0432909
93 0.0420678
94 0.040905
95 0.0397981
96 0.0387434
97 0.0377377
98 0.0367777
99 0.0358606
100 0.0349837
101 0.0341447
102 0.0333415
103 0.0325718
104 0.0318337
105 0.0311252
106 0.0304448
107 0.0297908
108 0.0291619
109 0.028557
110 0.0279745
111 0.0274134
112 0.0268725
113 0.0263506
114 0.025847
115 0.0253607
116 0.0248909
117 0.0244368
118 0.0239976
119 0.0235727
120 0.0231615
121 0.0227636
122 0.0223781
123 0.0220044
124 0.0216421
125 0.0212905
126 0.0209495
127 0.0206183
128 0.0202966
129 0.0199841
130 0.0196804
131 0.0193851
132 0.019098
133 0.0188186
134 0.0185466
135 0.0182819
136 0.0180242
137 0.017773
138 0.0175283
139 0.0172898
140 0.0170572
141 0.0168303
142 0.0166091
143 0.0163932
144 0.0161827
145 0.0159769
146 0.0157762
147 0.01558
148 0.0153882
149 0.0152009
150 0.0150178
151 0.0148388
152 0.0146639
153 0.0144925
154 0.014325
155 0.0141609
156 0.0140006
157 0.0138434
158 0.0136897
159 0.013539
160 0.0133914
161 0.0132467
162 0.013105
163 0.0129661
164 0.0128301
165 0.0126966
166 0.0125657
167 0.0124373
168 0.0123114
169 0.012188
170 0.0120671
171 0.0119485
172 0.0118316
173 0.011717
174 0.0116045
175 0.0114941
176 0.0113859
177 0.0112797
178 0.0111747
179 0.0110716
180 0.0109705
181 0.0108711
182 0.0107735
183 0.0106777
184 0.0105834
185 0.0104903
186 0.0103988
187 0.0103089
188 0.0102206
189 0.0101338
190 0.0100485
