1 6.60737
2 6.1128
3 5.61521
4 5.12201
5 4.64451
6 4.19374
7 3.77784
8 3.40106
9 3.06397
10 2.76452
11 2.49921
12 2.26407
13 2.05531
14 1.86953
15 1.70387
16 1.55588
17 1.42349
18 1.30491
19 1.19861
20 1.1032
21 1.0175
22 0.94043
23 0.871041
24 0.808484
25 0.751998
26 0.700935
27 0.654661
28 0.612679
29 0.574531
30 0.539791
31 0.5081
32 0.479127
33 0.45259
34 0.428217
35 0.405805
36 0.385169
37 0.366143
38 0.34855
39 0.332258
40 0.317148
41 0.303109
42 0.290036
43 0.277845
44 0.266464
45 0.255825
46 0.245859
47 0.23651
48 0.227741
49 0.219498
50 0.21174
51 0.204424
52 0.197515
53 0.190987
54 0.18481
55 0.178964
56 0.173417
57 0.168153
58 0.163152
59 0.158401
60 0.15388
61 0.149575
62 0.145475
63 0.141565
64 0.137832
65 0.134266
66 0.130856
67 0.127591
68 0.124464
69 0.121467
70 0.118593
71 0.115836
72 0.11319
73 0.110648
74 0.108205
75 0.105854
76 0.103589
77 0.101407
78 0.0993049
79 0.0972761
80 0.0953194
81 0.0934304
82 0.0916053
83 0.0898423
84 0.0881379
85 0.0864892
86 0.0848935
87 0.0833501
88 0.0818538
89 0.0804054
90 0.0790001
91 0.0776396
92 0.0763183
93 0.0750364
94 0.0737934
95 0.072584
96 0.0714112
97 0.0702717
98 0.0691617
99 0.0680841
100 0.0670374
101 0.0660161
102 0.065023
103 0.0640585
104 0.0631158
105 0.0621982
106 0.0613056
107 0.0604357
108 0.0595859
109 0.0587569
110 0.0579496
111 0.0571633
112 0.0563935
113 0.0556428
114 0.0549082
115 0.0541942
116 0.0534947
117 0.0528111
118 0.052143
119 0.0514889
120 0.0508518
121 0.0502279
122 0.0496175
123 0.0490199
124 0.0484344
125 0.047862
126 0.0473025
127 0.0467539
128 0.0462172
129 0.0456915
130 0.0451754
131 0.0446701
132 0.0441746
133 0.0436905
134 0.0432139
135 0.0427484
136 0.042292
137 0.0418428
138 0.0414017
139 0.0409712
140 0.0405461
141 0.0401307
142 0.0397222
143 0.0393224
144 0.0389305
145 0.0385441
146 0.0381634
147 0.0377904
148 0.0374243
149 0.0370638
150 0.0367089
151 0.0363621
152 0.0360217
153 0.0356853
154 0.0353578
155 0.0350332
156 0.0347111
157 0.034398
158 0.0340896
159 0.0337845
160 0.0334833
161 0.0331885
162 0.0329013
163 0.0326168
164 0.0323356
165 0.0320611
166 0.0317903
167 0.0315229
168 0.0312594
169 0.0309988
170 0.0307418
171 0.0304898
172 0.0302413
173 0.0299953
174 0.0297528
175 0.0295162
176 0.0292837
177 0.0290545
178 0.0288269
179 0.0286023
180 0.0283825
181 0.028166
182 0.0279529
183 0.0277409
184 0.0275306
185 0.0273234
186 0.027119
187 0.0269178
188 0.0267194
189 0.0265236
190 0.0263308
191 0.0261402
192 0.025953
193 0.0257693
194 0.0255872
195 0.025407
196 0.0252281
197 0.025053
198 0.0248818
199 0.0247129
200 0.0245452
201 0.0243783
202 0.0242126
203 0.0240487
204 0.0238865
205 0.0237258
206 0.023567
207 0.0234111
208 0.0232586
209 0.0231078
210 0.022958
211 0.0228095
212 0.0226615
213 0.0225161
214 0.0223741
215 0.0222341
216 0.0220964
217 0.02196
218 0.0218233
219 0.0216871
220 0.0215534
221 0.0214232
222 0.0212954
223 0.0211682
224 0.0210429
225 0.0209193
226 0.0207946
227 0.0206699
228 0.0205468
229 0.0204244
230 0.020303
231 0.0201831
232 0.0200651
233 0.0199489
234 0.0198353
235 0.0197231
236 0.019612
237 0.0195017
238 0.0193917
239 0.0192815
240 0.0191722
241 0.0190648
242 0.0189594
243 0.0188543
244 0.0187504
245 0.0186493
246 0.0185495
247 0.0184508
248 0.0183518
249 0.0182535
250 0.0181563
251 0.0180613
252 0.0179682
253 0.0178765
254 0.0177852
255 0.0176943
256 0.0176041
257 0.0175145
258 0.0174248
259 0.0173348
260 0.0172459
261 0.0171584
262 0.0170718
263 0.0169857
264 0.0169003
265 0.0168157
266 0.0167322
267 0.0166494
268 0.016567
269 0.0164849
270 0.0164041
271 0.0163252
272 0.0162471
273 0.0161698
274 0.0160931
275 0.0160158
276 0.015938
277 0.0158597
278 0.0157817
279 0.0157044
280 0.015628
281 0.0155528
282 0.0154791
283 0.0154064
284 0.0153353
285 0.0152657
286 0.0151977
287 0.015131
288 0.0150654
289 0.0149998
290 0.0149343
291 0.014869
292 0.0148033
293 0.0147377
294 0.0146719
295 0.0146064
296 0.0145413
297 0.0144762
298 0.0144113
299 0.014347
300 0.0142846
301 0.0142239
302 0.0141644
303 0.014106
304 0.0140489
305 0.0139918
306 0.013935
307 0.0138783
308 0.0138216
309 0.0137656
310 0.0137105
311 0.0136555
312 0.0136003
313 0.0135461
314 0.0134924
315 0.0134388
316 0.0133861
317 0.0133337
318 0.0132817
319 0.0132304
320 0.0131794
321 0.0131276
322 0.0130744
323 0.0130207
324 0.0129664
325 0.0129112
326 0.0128563
327 0.0128014
328 0.0127464
329 0.0126916
330 0.0126371
331 0.0125844
332 0.0125335
333 0.0124837
334 0.0124346
335 0.0123864
336 0.0123395
337 0.0122932
338 0.0122477
339 0.012202
340 0.0121564
341 0.0121107
342 0.0120655
343 0.0120204
344 0.0119755
345 0.0119308
346 0.0118863
347 0.0118422
348 0.0117988
349 0.011756
350 0.0117139
351 0.0116723
352 0.0116312
353 0.0115904
354 0.0115503
355 0.0115105
356 0.0114707
357 0.0114312
358 0.0113923
359 0.0113538
360 0.0113154
361 0.0112771
362 0.0112388
363 0.0112004
364 0.011162
365 0.0111234
366 0.0110851
367 0.0110472
368 0.0110095
369 0.0109721
370 0.0109347
371 0.0108974
372 0.0108606
373 0.010825
374 0.0107905
375 0.0107568
376 0.0107225
377 0.0106869
378 0.0106512
379 0.0106151
380 0.0105784
381 0.0105418
382 0.0105053
383 0.0104692
384 0.0104336
385 0.0103985
386 0.0103638
387 0.0103299
388 0.0102966
389 0.0102635
390 0.0102306
391 0.0101977
392 0.0101653
393 0.0101329
394 0.0101007
395 0.0100685
396 0.0100364
397 0.0100044
