          o/p  h1 h2 h3
0 0 0 0  | 1  | 1 1 1  | 
0 0 0 1  | 0  | 1 1 0  | 
0 0 1 0  | 0  | 1 1 0  | 
0 0 1 1  | 1  | 1 1 0  | 
0 1 0 0  | 0  | 1 1 0  | 
0 1 0 1  | 1  | 1 1 0  | 
0 1 1 0  | 1  | 1 1 0  | 
0 1 1 1  | 0  | 0 0 0  | 
1 0 0 0  | 0  | 1 1 0  | 
1 0 0 1  | 1  | 1 1 0  | 
1 0 1 0  | 1  | 1 1 0  | 
1 0 1 1  | 0  | 0 0 0  | 
1 1 0 0  | 1  | 1 1 0  | 
1 1 0 1  | 0  | 0 0 0  | 
1 1 1 0  | 0  | 0 0 0  | 
1 1 1 1  | 1  | 0 0 0  | 

h1 : _a._b + _c._d + _a._c + _b._d + a.c._d

h2 : _a._b + _c._d + _a._c + _b._d + a.c._d

h3 : a. b. c. d

************************************************
          o/p  h1 h2 h3
0 0 0 0  | 1  | 1 1 1  | 
0 0 0 1  | 0  | 1 0 1  | 
0 0 1 0  | 0  | 1 0 1  | 
0 0 1 1  | 1  | 1 0 1  | 
0 1 0 0  | 0  | 1 0 1  | 
0 1 0 1  | 1  | 1 0 1  | 
0 1 1 0  | 1  | 1 0 1  | 
0 1 1 1  | 0  | 0 0 0  | 
1 0 0 0  | 0  | 1 0 1  | 
1 0 0 1  | 1  | 1 0 1  | 
1 0 1 0  | 1  | 1 0 1  | 
1 0 1 1  | 0  | 0 0 0  | 
1 1 0 0  | 1  | 1 0 1  | 
1 1 0 1  | 0  | 0 0 0  | 
1 1 1 0  | 0  | 0 0 0  | 
1 1 1 1  | 1  | 0 0 0  |
